./bin/main 
76
351
180
362
230
245
289
44
150
49
255
329
335
176
135
239
54
149
300
276
0
155
263
18
322
411
347
191
496
224
93
447
207
438
236
145
428
489
477
200
21
52
346
1
459
170
439
117
166
326
175
446
469
27
56
334
187
437
348
158
294
109
342
363
265
381
476
209
481
321
220
72
383
66
95
138
154
177
47
258
161
350
87
229
214
203
286
492
246
99
221
35
124
242
416
361
205
427
452
463
319
91
110
391
75
315
462
228
364
118
385
436
418
398
304
188
327
12
311
252
55
23
338
309
183
497
266
151
227
217
68
60
434
369
257
372
159
247
359
366
308
204
171
313
153
169
102
312
356
310
375
29
392
69
473
143
79
464
390
61
264
231
156
53
45
9
92
479
59
248
64
58
323
393
85
243
344
281
365
360
96
343
152
184
435
284
148
478
431
78
30
461
354
400
382
103
163
210
324
144
4
325
83
268
330
306
126
234
261
377
341
433
26
442
6
11
440
121
451
410
90
295
98
283
270
352
94
34
423
272
43
36
273
89
396
345
425
349
389
7
32
485
31
8
115
173
218
67
97
380
108
33
290
235
22
413
373
244
408
213
105
316
28
174
81
412
495
19
274
120
297
199
358
131
50
336
368
215
222
328
280
320
482
430
80
74
333
178
455
444
206
25
450
198
132
291
232
189
414
77
251
443
371
448
317
465
197
460
332
63
277
40
193
453
192
384
422
254
16
119
216
15
88
407
340
466
406
240
298
299
134
471
387
487
5
404
137
278
129
223
162
468
486
287
101
13
73
226
415
403
46
24
140
114
125
379
71
267
123
157
253
160
370
37
488
2
285
113
195
429
458
202
445
142
51
139
141
454
181
186
70
386
388
237
353
164
3
409
456
279
302
305
498
219
275
405
17
293
241
100
419
62
233
401
394
57
84
337
499
111
355
417
65
301
112
212
420
130
238
493
122
339
318
288
378
296
20
397
190
201
480
194
490
271
292
494
484
147
421
491
225
399
146
107
470
136
474
167
307
475
82
357
483
128
441
282
424
457
42
127
172
179
449
133
249
165
250
269
259
331
211
41
196
48
168
314
10
14
39
185
402
303
432
208
262
395
104
472
256
260
116
467
376
367
182
426
374
106
38
86
