./bin/main 
0
276
155
3
35
271
77
307
300
82
150
101
380
263
353
362
388
414
124
116
221
338
423
1
201
435
292
206
59
184
346
251
262
167
25
320
299
149
432
336
394
475
340
357
49
274
44
40
287
13
97
108
75
205
245
433
376
367
469
18
2
392
237
291
230
180
136
83
450
164
440
142
189
447
445
434
242
273
9
457
408
23
99
105
371
451
145
495
39
309
179
34
248
272
238
459
431
430
480
330
190
418
284
151
446
220
304
461
453
363
494
474
94
443
127
444
247
104
479
215
204
343
426
295
297
143
52
456
174
269
122
17
294
207
473
68
302
138
485
399
43
482
280
163
172
337
134
298
225
10
54
74
216
286
208
210
277
50
347
321
203
234
368
100
95
80
128
270
407
466
468
463
243
483
255
490
194
120
19
492
289
496
319
219
460
30
193
92
486
96
73
332
455
196
67
497
47
33
290
467
391
315
55
341
361
427
117
212
462
103
26
176
183
364
27
484
322
285
195
488
29
69
478
38
316
476
132
232
324
351
140
4
489
37
305
107
268
186
325
154
425
198
395
88
168
383
121
11
464
51
240
448
181
93
454
202
159
60
369
398
471
416
36
89
349
46
244
306
177
374
165
147
222
264
42
424
213
470
129
246
499
288
410
390
109
236
428
412
226
14
171
373
135
12
279
449
133
169
84
48
64
227
102
458
348
170
436
493
296
397
130
335
339
421
372
256
78
328
32
358
252
250
411
387
404
148
327
261
188
266
209
175
72
354
192
258
278
265
342
438
409
441
282
131
352
267
334
283
359
173
402
71
308
260
396
70
393
152
318
182
217
90
98
406
360
481
199
144
241
185
79
253
21
223
28
81
375
123
218
187
158
400
370
160
417
313
31
191
378
7
110
275
491
146
126
381
115
239
259
333
472
15
119
377
405
317
63
401
214
419
57
66
200
22
162
439
452
344
85
329
477
58
113
249
382
229
389
106
224
326
153
91
498
197
281
420
303
178
211
56
118
235
365
156
366
465
86
386
166
112
257
228
442
293
437
356
429
355
141
76
114
24
487
312
345
6
139
87
422
314
311
61
231
41
16
415
413
379
20
331
111
65
301
385
310
125
350
137
5
233
254
45
384
161
8
323
157
403
62
53
