0 1
1 2
2 0
3 4
4 5
5 3
6 7
7 8
8 6
9 10
10 11
11 9
12 13
13 14
14 12
15 16
16 17
17 15
18 19
19 20
20 18
21 22
22 23
23 21
24 25
25 26
26 24
27 28
28 29
29 27
30 31
31 32
32 30
33 34
34 35
35 33
36 37
37 38
38 36
39 40
40 41
41 39
42 43
43 44
44 42
45 46
46 47
47 45
48 49
49 50
50 48
51 52
52 53
53 51
54 55
55 56
56 54
57 58
58 59
59 57
60 61
61 62
62 60
63 64
64 65
65 63
66 67
67 68
68 66
69 70
70 71
71 69
72 73
73 74
74 72
75 76
76 77
77 75
78 79
79 80
80 78
81 82
82 83
83 81
84 85
85 86
86 84
87 88
88 89
89 87
90 91
91 92
92 90
93 94
94 95
95 93
96 97
97 98
98 96
99 100
100 101
101 99
102 103
103 104
104 102
105 106
106 107
107 105
108 109
109 110
110 108
111 112
112 113
113 111
114 115
115 116
116 114
117 118
118 119
119 117
120 121
121 122
122 120
123 124
124 125
125 123
126 127
127 128
128 126
129 130
130 131
131 129
132 133
133 134
134 132
135 136
136 137
137 135
138 139
139 140
140 138
141 142
142 143
143 141
144 145
144 146
146 144
147 148
148 149
149 147
150 151
151 152
152 150
153 154
154 155
155 153
156 157
157 158
158 156
159 160
160 161
161 159
162 163
163 164
164 162
165 166
166 167
167 165
168 169
169 170
170 168
171 172
172 173
173 171
174 175
175 176
176 174
177 178
178 179
179 177
180 181
181 182
182 180
183 184
184 185
185 183
186 187
187 188
188 186
189 190
190 191
191 189
192 193
193 194
194 192
195 196
196 197
197 195
198 199
199 200
200 198
201 202
202 203
203 201
204 205
205 206
206 204
207 208
208 209
209 207
210 211
211 212
212 210
213 214
214 215
215 213
216 217
217 218
218 216
219 220
220 221
221 219
222 223
223 224
224 222
225 226
226 227
227 225
228 229
229 230
230 228
231 232
232 233
233 231
234 235
235 236
236 234
237 238
238 239
239 237
240 241
241 242
242 240
243 244
244 245
245 243
246 247
247 248
248 246
249 250
250 251
251 249
252 253
253 254
254 252
255 256
256 257
257 255
258 259
259 260
260 258
261 262
262 263
263 261
264 265
265 266
266 264
267 268
268 269
269 267
270 271
271 272
272 270
273 274
274 275
275 273
276 277
277 278
278 276
279 280
280 281
281 279
282 283
283 284
284 282
285 286
286 287
287 285
288 289
289 290
290 288
291 292
292 293
293 291
294 295
295 296
296 294
297 298
298 299
299 297
300 301
301 302
302 300
303 304
304 305
305 303
306 307
307 308
308 306
309 310
310 311
311 309
312 313
313 314
314 312
315 316
316 317
317 315
318 319
319 320
320 318
321 322
322 323
323 321
324 325
325 326
326 324
327 328
328 329
329 327
330 331
331 332
332 330
333 334
334 335
335 333
336 337
337 338
338 336
339 340
340 341
341 339
342 343
343 344
344 342
345 346
346 347
347 345
348 349
349 350
350 348
351 352
352 353
353 351
354 355
355 356
356 354
357 358
358 359
359 357
360 361
361 362
362 360
363 364
364 365
365 363
366 367
367 368
368 366
369 370
370 371
371 369
372 373
373 374
374 372
375 376
376 377
377 375
378 379
379 380
380 378
381 382
382 383
383 381
384 385
385 386
386 384
387 388
388 389
389 387
390 391
391 392
392 390
393 394
394 395
395 393
396 397
397 398
398 396
399 400
400 401
401 399
402 403
403 404
404 402
405 406
406 407
407 405
408 409
409 410
410 408
411 412
412 413
413 411
414 415
415 416
416 414
417 418
418 419
419 417
420 421
421 422
422 420
423 424
424 425
425 423
426 427
427 428
428 426
429 430
430 431
431 429
432 433
433 434
434 432
435 436
436 437
437 435
438 439
439 440
440 438
441 442
442 443
443 441
444 445
445 446
446 444
447 448
448 449
449 447
449 450
450 451
451 452
452 453
453 454
454 455
455 456
456 457
457 458
458 459
459 460
460 461
461 462
462 463
463 464
464 465
465 466
466 467
467 468
468 469
469 470
470 471
471 472
472 473
473 474
474 475
475 476
476 477
477 478
478 479
479 480
480 481
481 482
482 483
483 484
484 485
485 486
486 487
487 488
488 489
489 490
490 491
491 492
492 493
493 494
494 495
495 496
496 497
497 498
498 499
